   0.01526      0.00003      0.00000      0.01530
   0.00713      0.00000      9.87522      9.88235
   0.00697      0.00000      9.77790      9.78487
   0.00719      0.00000      9.69243      9.69962
   0.00755      0.00000      9.59180      9.59935
   0.00745      0.00000      9.48868      9.49614
   0.00755      0.00000      9.38775      9.39530
   0.00777      0.00000      9.30602      9.31379
   0.00784      0.00000      9.23017      9.23802
   0.00793      0.00000      9.13605      9.14398
   0.00796      0.00000      9.04246      9.05042
   0.00805      0.00000      8.95169      8.95974
   0.00842      0.00000      8.85415      8.86257
   0.00829      0.00000      8.77851      8.78680
   0.00833      0.00000      8.68448      8.69281
   0.00844      0.00000      8.61676      8.62521
   0.00816      0.00000      8.52402      8.53218
   0.00817      0.00000      8.41374      8.42191
   0.00836      0.00000      8.35013      8.35849
   0.00801      0.00000      8.25823      8.26624
   0.00814      0.00000      8.16231      8.17045
   0.00824      0.00000      8.07610      8.08434
   0.00793      0.00000      8.00496      8.01289
   0.00841      0.00000      7.91425      7.92266
   0.00866      0.00000      7.79721      7.80588
   0.00829      0.00000      7.72593      7.73422
   0.00863      0.00000      7.62763      7.63626
   0.00895      0.00000      7.54902      7.55797
   0.00852      0.00000      7.46191      7.47043
   0.00883      0.00000      7.35628      7.36511
   0.00920      0.00000      7.29983      7.30903
   0.00902      0.00000      7.20900      7.21802
   0.00904      0.00000      7.10621      7.11525
   0.00856      0.00000      6.99995      7.00852
   0.00896      0.00000      6.92931      6.93827
   0.00868      0.00000      6.86577      6.87445
   0.00872      0.00000      6.76082      6.76953
   0.00865      0.00000      6.66326      6.67191
   0.00886      0.00000      6.56444      6.57330
   0.00909      0.00000      6.49618      6.50528
   0.00875      0.00000      6.39869      6.40745
   0.00865      0.00000      6.28026      6.28891
   0.00884      0.00000      6.19681      6.20565
   0.00918      0.00000      6.10566      6.11484
   0.00928      0.00000      6.00924      6.01852
   0.00892      0.00000      5.91755      5.92647
   0.00905      0.00000      5.81327      5.82232
   0.00881      0.00000      5.72687      5.73567
   0.00968      0.00000      5.67734      5.68703
   0.00849      0.00000      5.55121      5.55970
   0.00925      0.00000      5.47305      5.48229
   0.00899      0.00000      5.38353      5.39252
   0.00907      0.00000      5.31271      5.32178
   0.00967      0.00000      5.22366      5.23333
   0.00923      0.00000      5.14289      5.15212
   0.00957      0.00000      5.06730      5.07687
   0.00943      0.00000      4.98642      4.99585
   0.00966      0.00000      4.91221      4.92186
   0.00976      0.00000      4.79629      4.80604
   0.01009      0.00000      4.70642      4.71651
   0.00951      0.00000      4.65060      4.66012
   0.01029      0.00000      4.54036      4.55065
   0.00973      0.00000      4.46142      4.47115
   0.00971      0.00000      4.35321      4.36292
   0.01028      0.00000      4.29760      4.30788
   0.00953      0.00000      4.25049      4.26002
   0.01021      0.00000      4.13946      4.14966
   0.01051      0.00000      4.11310      4.12361
   0.01018      0.00000      3.98494      3.99511
   0.01061      0.00000      3.92493      3.93554
   0.01061      0.00000      3.89307      3.90369
   0.01079      0.00000      3.78203      3.79282
   0.01082      0.00000      3.73757      3.74839
   0.01081      0.00000      3.63566      3.64647
   0.01094      0.00000      3.55335      3.56430
   0.01111      0.00000      3.48932      3.50044
   0.01045      0.00000      3.38308      3.39352
   0.01132      0.00000      3.32357      3.33489
   0.01024      0.00000      3.24948      3.25972
   0.01107      0.00000      3.16450      3.17557
   0.01188      0.00000      3.11674      3.12862
   0.01238      0.00000      3.03407      3.04645
   0.01059      0.00000      2.94485      2.95545
   0.01143      0.00000      2.87937      2.89080
   0.01143      0.00000      2.79937      2.81080
   0.01173      0.00000      2.74161      2.75334
   0.01206      0.00000      2.67076      2.68281
   0.01120      0.00000      2.60809      2.61928
   0.01233      0.00000      2.54406      2.55639
   0.01221      0.00000      2.47202      2.48423
   0.01219      0.00000      2.39760      2.40979
   0.01197      0.00000      2.34618      2.35815
   0.01147      0.00000      2.22987      2.24134
   0.01178      0.00000      2.18166      2.19344
   0.01172      0.00000      2.09536      2.10709
   0.01235      0.00000      2.04266      2.05501
   0.01134      0.00000      1.91332      1.92466
   0.01107      0.00000      1.83035      1.84142
   0.01122      0.00000      1.78030      1.79151
   0.01142      0.00000      1.69218      1.70360
   0.01171      0.00000      1.62388      1.63559
   0.01218      0.00000      1.58677      1.59895
   0.01225      0.00000      1.50872      1.52097
   0.01162      0.00000      1.41468      1.42631
   0.01224      0.00000      1.34593      1.35817
   0.01213      0.00000      1.27377      1.28591
   0.01228      0.00000      1.22929      1.24157
   0.01256      0.00000      1.16712      1.17968
   0.01235      0.00000      1.05968      1.07203
   0.01222      0.00000      0.97670      0.98893
   0.01172      0.00000      0.91037      0.92208
   0.01228      0.00000      0.86915      0.88144
   0.01252      0.00000      0.78984      0.80236
   0.01277      0.00000      0.71963      0.73241
   0.01202      0.00000      0.62113      0.63315
   0.01192      0.00000      0.52484      0.53676
   0.01269      0.00000      0.47993      0.49262
   0.01241      0.00000      0.40942      0.42183
   0.01291      0.00000      0.36649      0.37941
   0.01289      0.00000      0.30871      0.32160
   0.01333      0.00000      0.24395      0.25729
   0.01167      0.00000      0.15822      0.16989
   0.01201      0.00000      0.13818      0.15019
   0.01222      0.00000      0.11273      0.12495
   0.01282      0.00000      0.09816      0.11098
   0.01309      0.00000      0.08534      0.09843
   0.01165      0.00000      0.04863      0.06028
   0.01186      0.00000      0.04811      0.05998
   0.01138      0.00000      0.03568      0.04706
   0.01206      0.00000      0.04268      0.05474
   0.01211      0.00000      0.02862      0.04074
   0.01179      0.00000      0.02880      0.04059
   0.01220      0.00000      0.02577      0.03798
   0.01233      0.00000      0.02712      0.03945
   0.01281      0.00000      0.02865      0.04146
   0.01323      0.00000      0.02715      0.04038
   0.01199      0.00000      0.01740      0.02939
   0.01213      0.00000      0.01489      0.02701
   0.01271      0.00000      0.01552      0.02823
   0.01297      0.00000      0.00952      0.02249
   0.01307      0.00000      0.01153      0.02460
   0.01252      0.00000      0.00530      0.01782
   0.01279      0.00000      0.00635      0.01914
   0.01238      0.00000      0.00335      0.01574
   0.01258      0.00000      0.00288      0.01546
   0.01177      0.00000      0.00182      0.01359
   0.01251      0.00000      0.00554      0.01805
   0.01306      0.00000      0.00498      0.01804
   0.01235      0.00000      0.00259      0.01494
   0.01262      0.00000      0.00229      0.01492
   0.01282      0.00000      0.00173      0.01456
   0.01288      0.00000      0.00503      0.01791
   0.01237      0.00000      0.00382      0.01620
   0.01248      0.00000      0.00477      0.01724
   0.01246      0.00000      0.00314      0.01561
   0.01287      0.00000      0.00232      0.01519
   0.01249      0.00000      0.00216      0.01465
   0.01255      0.00000      0.00256      0.01512
   0.01324      0.00000      0.00244      0.01568
   0.01266      0.00000      0.00233      0.01498
   0.01318      0.00000      0.00275      0.01593
   0.01219      0.00000      0.00164      0.01383
   0.01260      0.00000      0.00130      0.01390
   0.01235      0.00000      0.00010      0.01245
   0.01189      0.00000      0.00188      0.01377
   0.01228      0.00000      0.00094      0.01323
   0.01169      0.00000      0.00025      0.01194
   0.01171      0.00000      0.00096      0.01267
   0.01136      0.00000      0.00026      0.01162
   0.01143      0.00000      0.00175      0.01318
   0.01116      0.00000      0.00026      0.01142
   0.01108      0.00000      0.00011      0.01120
   0.01130      0.00000      0.00007      0.01137
   0.01172      0.00000      0.00006      0.01178
   0.01096      0.00000      0.00000      0.01096
   0.01229      0.00000      0.00003      0.01232
   0.01206      0.00000      0.00000      0.01206
   0.01221      0.00000      0.00002      0.01224
   0.01174      0.00000      0.00082      0.01256
   0.01110      0.00000      0.00000      0.01110
   0.01132      0.00000      0.00081      0.01213
   0.01150      0.00000      0.00000      0.01150
   0.01115      0.00000      0.00120      0.01235
   0.01109      0.00000      0.00079      0.01187
   0.01074      0.00000      0.00000      0.01074
   0.01030      0.00000      0.00193      0.01223
   0.01039      0.00000      0.00095      0.01134
   0.01138      0.00000      0.00300      0.01438
   0.01127      0.00000      0.00071      0.01198
   0.01119      0.00000      0.00082      0.01201
   0.01162      0.00000      0.00171      0.01333
   0.01117      0.00000      0.00075      0.01192
   0.01180      0.00000      0.00072      0.01252
   0.01123      0.00000      0.00055      0.01178
   0.01167      0.00000      0.00138      0.01305
   0.01167      0.00000      0.00052      0.01219
   0.01162      0.00000      0.00120      0.01282
   0.01236      0.00000      0.00188      0.01424
   0.01135      0.00000      0.00118      0.01253
   0.01206      0.00000      0.00184      0.01389
   0.01152      0.00000      0.00000      0.01152
   0.01239      0.00000      0.00116      0.01355
   0.01228      0.00000      0.00234      0.01462
   0.01280      0.00000      0.00113      0.01393
   0.01184      0.00000      0.00168      0.01352
   0.01270      0.00000      0.00002      0.01272
   0.01274      0.00000      0.00001      0.01276
   0.01121      0.00000      0.00048      0.01169
   0.01279      0.00000      0.00000      0.01279
   0.01168      0.00000      0.00047      0.01215
   0.01250      0.00000      0.00000      0.01250
   0.01236      0.00000      0.00009      0.01246
   0.01125      0.00000      0.00120      0.01245
   0.01220      0.00000      0.00008      0.01227
   0.01229      0.00000      0.00052      0.01281
   0.01272      0.00000      0.00018      0.01290
   0.01228      0.00000      0.00050      0.01278
   0.01147      0.00000      0.00147      0.01293
   0.01232      0.00000      0.00040      0.01272
   0.01214      0.00000      0.00035      0.01249
   0.01231      0.00000      0.00004      0.01235
   0.01163      0.00000      0.00030      0.01193
   0.01137      0.00000      0.00026      0.01163
   0.01170      0.00000      0.00026      0.01196
   0.01191      0.00000      0.00113      0.01304
   0.01147      0.00000      0.00036      0.01183
   0.01195      0.00000      0.00029      0.01224
   0.01226      0.00000      0.00138      0.01364
   0.01241      0.00000      0.00033      0.01275
   0.01282      0.00000      0.00151      0.01433
   0.01261      0.00000      0.00030      0.01291
   0.01232      0.00000      0.00023      0.01255
   0.01278      0.00000      0.00140      0.01418
   0.01266      0.00000      0.00136      0.01402
   0.01226      0.00000      0.00019      0.01245
   0.01267      0.00000      0.00107      0.01374
   0.01200      0.00000      0.00000      0.01200
   0.01255      0.00000      0.00008      0.01264
   0.01287      0.00000      0.00105      0.01392
   0.01247      0.00000      0.00000      0.01247
   0.01187      0.00000      0.00104      0.01292
   0.01189      0.00000      0.00000      0.01189
   0.01226      0.00000      0.00000      0.01226
   0.01171      0.00000      0.00000      0.01171
   0.01214      0.00000      0.00000      0.01214
   0.01135      0.00000      0.00000      0.01135
   0.01134      0.00000      0.00000      0.01134
   0.01178      0.00000      0.00000      0.01178
   0.01100      0.00000      0.00000      0.01100
   0.01168      0.00000      0.00000      0.01168
   0.01111      0.00000      0.00000      0.01111
   0.01140      0.00000      0.00000      0.01140
   0.01222      0.00000      0.00000      0.01222
   0.01215      0.00000      0.00000      0.01215
   0.01163      0.00000      0.00000      0.01163
   0.01204      0.00000      0.00000      0.01204
   0.01245      0.00000      0.00000      0.01245
   0.01207      0.00000      0.00000      0.01207
   0.01241      0.00000      0.00000      0.01241
   0.01182      0.00000      0.00000      0.01182
   0.01312      0.00000      0.00000      0.01312
   0.01188      0.00000      0.00000      0.01188
   0.01112      0.00000      0.00000      0.01112
   0.01233      0.00000      0.00000      0.01233
   0.01248      0.00000      0.00000      0.01248
   0.01252      0.00000      0.00000      0.01252
   0.01226      0.00000      0.00000      0.01226
   0.01223      0.00000      0.00000      0.01223
   0.01311      0.00000      0.00000      0.01311
   0.01299      0.00000      0.00000      0.01299
   0.01239      0.00000      0.00000      0.01239
   0.01270      0.00000      0.00000      0.01270
   0.01269      0.00000      0.00000      0.01269
   0.01323      0.00000      0.00000      0.01323
   0.01219      0.00000      0.00000      0.01219
   0.01251      0.00000      0.00000      0.01251
   0.01191      0.00000      0.00000      0.01191
   0.01136      0.00000      0.00000      0.01136
   0.01163      0.00000      0.00000      0.01163
   0.01115      0.00000      0.00000      0.01115
   0.01143      0.00000      0.00000      0.01143
   0.01177      0.00000      0.00000      0.01177
   0.01175      0.00000      0.00000      0.01175
   0.01041      0.00000      0.00000      0.01041
   0.01116      0.00000      0.00000      0.01116
   0.01123      0.00000      0.00000      0.01123
   0.01155      0.00000      0.00000      0.01155
   0.01254      0.00000      0.00000      0.01254
   0.01231      0.00000      0.00000      0.01231
   0.01276      0.00000      0.00000      0.01276
   0.01308      0.00000      0.00000      0.01308
   0.01258      0.00000      0.00000      0.01258
   0.01297      0.00000      0.00000      0.01297
   0.01403      0.00000      0.00000      0.01403
   0.01382      0.00000      0.00000      0.01382
   0.01428      0.00000      0.00000      0.01428
   0.01360      0.00000      0.00000      0.01360
   0.01304      0.00000      0.00000      0.01304
   0.01350      0.00000      0.00000      0.01350
   0.01318      0.00000      0.00000      0.01318
