effect_contrib
  1.0000  2.0000  3.0000  4.0000
  1.0000  2.0000  3.0000  4.0000
  1.0000  2.0000  3.0000  4.0000
  1.0000  2.0000  3.0000  4.0000
  1.0000  2.0000  3.0000  4.0000
  1.0000  2.0000  3.0000  4.0000
  1.0000  2.0000  3.0000  4.0000
  1.0000  2.0000  3.0000  4.0000
  1.0000  2.0000  3.0000  4.0000
  1.0000  2.0000  3.0000  4.0000
cost_type
  0.1000  0.1000  0.1000  0.1000
  0.2000  0.2000  0.2000  0.2000
  0.3000  0.3000  0.3000  0.3000
  0.4000  0.4000  0.4000  0.4000
  0.5000  0.5000  0.5000  0.5000
  0.6000  0.6000  0.6000  0.6000
  0.7000  0.7000  0.7000  0.7000
  0.8000  0.8000  0.8000  0.8000
  0.9000  0.9000  0.9000  0.9000
  1.0000  1.0000  1.0000  1.0000
h
 -0.0987 -0.0939 -0.0904 -0.0882
 -0.0983 -0.0936 -0.0902 -0.0881
 -0.0978 -0.0932 -0.0899 -0.0879
 -0.0984 -0.0937 -0.0903 -0.0882
 -0.0980 -0.0934 -0.0901 -0.0880
 -0.0991 -0.0943 -0.0909 -0.0886
 -0.0986 -0.0940 -0.0906 -0.0885
 -0.0993 -0.0946 -0.0912 -0.0890
 -0.0999 -0.0951 -0.0915 -0.0891
 -0.0990 -0.0943 -0.0909 -0.0887
g
  0.4349  0.4404  0.4456  0.4505
  0.4349  0.4404  0.4456  0.4505
  0.4349  0.4404  0.4456  0.4505
  0.4349  0.4404  0.4456  0.4505
  0.4349  0.4404  0.4456  0.4505
  0.4349  0.4404  0.4456  0.4505
  0.4349  0.4404  0.4456  0.4505
  0.4349  0.4404  0.4456  0.4505
  0.4349  0.4404  0.4456  0.4505
  0.4349  0.4404  0.4456  0.4505
tau
  0.6745  1.0557  1.4545  1.6955
  0.6745  1.0557  1.4545  1.6955
  0.6745  1.0557  1.4545  1.6955
  0.6745  1.0557  1.4545  1.5455
  0.6745  1.0557  0.0000  0.0000
  0.6745  0.0000  0.0000  0.0000
  0.0000  0.0000  0.0000  0.0000
  0.0000  0.0000  0.0000  0.0000
  0.0000  0.0000  0.0000  0.0000
  0.0000  0.0000  0.0000  0.0000
pi
  0.3362  0.3465  0.3552  0.3623
  0.3366  0.3468  0.3554  0.3624
  0.3371  0.3472  0.3557  0.3626
  0.3365  0.3467  0.3553  0.3623
  0.3369  0.3470  0.3555  0.3625
  0.3358  0.3460  0.3547  0.3619
  0.3363  0.3464  0.3550  0.3620
  0.3356  0.3457  0.3544  0.3616
  0.3350  0.3453  0.3541  0.3614
  0.3359  0.3460  0.3547  0.3618
p
  1.0107  1.4022  1.8096  2.0579
  1.0111  1.4025  1.8098  2.0580
  1.0117  1.4029  1.8101  2.0582
  1.0111  1.4024  1.8097  1.9078
  1.0114  1.4027  0.3555  0.3625
  1.0104  0.3460  0.3547  0.3619
  0.3363  0.3464  0.3550  0.3620
  0.3356  0.3457  0.3544  0.3616
  0.3350  0.3453  0.3541  0.3614
  0.3359  0.3460  0.3547  0.3618
acc
  1.0000  1.0000  1.0000  1.0000
  1.0000  1.0000  1.0000  1.0000
  1.0000  1.0000  1.0000  1.0000
  1.0000  1.0000  1.0000  0.9062
  1.0000  1.0000  0.0000  0.0000
  1.0000  0.0000  0.0000  0.0000
  0.0000  0.0000  0.0000  0.0000
  0.0000  0.0000  0.0000  0.0000
  0.0000  0.0000  0.0000  0.0000
  0.0000  0.0000  0.0000  0.0000
effect_contrib
  0.5000  0.5000  0.5000  0.5000
  1.0000  1.0000  1.0000  1.0000
  1.5000  1.5000  1.5000  1.5000
  2.0000  2.0000  2.0000  2.0000
  2.5000  2.5000  2.5000  2.5000
  3.0000  3.0000  3.0000  3.0000
  3.5000  3.5000  3.5000  3.5000
  4.0000  4.0000  4.0000  4.0000
  4.5000  4.5000  4.5000  4.5000
  5.0000  5.0000  5.0000  5.0000
cost_type
  0.2000  0.4000  0.6000  0.8000
  0.2000  0.4000  0.6000  0.8000
  0.2000  0.4000  0.6000  0.8000
  0.2000  0.4000  0.6000  0.8000
  0.2000  0.4000  0.6000  0.8000
  0.2000  0.4000  0.6000  0.8000
  0.2000  0.4000  0.6000  0.8000
  0.2000  0.4000  0.6000  0.8000
  0.2000  0.4000  0.6000  0.8000
  0.2000  0.4000  0.6000  0.8000
h
 -0.0920 -0.0914 -0.0907 -0.0901
 -0.0922 -0.0916 -0.0909 -0.0903
 -0.0922 -0.0916 -0.0910 -0.0904
 -0.0932 -0.0927 -0.0922 -0.0917
 -0.0941 -0.0938 -0.0934 -0.0930
 -0.0943 -0.0938 -0.0934 -0.0930
 -0.0931 -0.0926 -0.0920 -0.0915
 -0.0932 -0.0928 -0.0924 -0.0920
 -0.0922 -0.0917 -0.0912 -0.0907
 -0.0934 -0.0929 -0.0923 -0.0917
g
  0.4321  0.4321  0.4321  0.4321
  0.4349  0.4349  0.4349  0.4349
  0.4376  0.4376  0.4376  0.4376
  0.4404  0.4404  0.4404  0.4404
  0.4430  0.4430  0.4430  0.4430
  0.4456  0.4456  0.4456  0.4456
  0.4481  0.4481  0.4481  0.4481
  0.4505  0.4505  0.4505  0.4505
  0.4528  0.4528  0.4528  0.4528
  0.4551  0.4551  0.4551  0.4551
tau
  0.1514  0.2000  0.3000  0.4000
  0.3043  0.4000  0.6000  0.8000
  0.4586  0.6000  0.9000  1.2000
  0.6144  0.8000  1.2000  0.7250
  0.7717  1.0000  1.1667  0.0000
  0.9306  1.2000  0.0000  0.0000
  1.0912  1.4000  0.0000  0.0000
  1.2534  0.6500  0.0000  0.0000
  1.4174  0.0000  0.0000  0.0000
  1.5831  0.0000  0.0000  0.0000
pi
  0.3401  0.3407  0.3414  0.3420
  0.3427  0.3433  0.3440  0.3446
  0.3455  0.3460  0.3466  0.3472
  0.3472  0.3477  0.3482  0.3487
  0.3489  0.3493  0.3496  0.3501
  0.3513  0.3518  0.3522  0.3526
  0.3550  0.3556  0.3561  0.3566
  0.3573  0.3577  0.3581  0.3585
  0.3606  0.3611  0.3616  0.3621
  0.3616  0.3622  0.3628  0.3634
p
  0.4916  0.5407  0.6414  0.7420
  0.6470  0.7433  0.9440  1.1446
  0.8041  0.9460  1.2466  1.5472
  0.9616  1.1477  1.5482  1.0737
  1.1206  1.3493  1.5163  0.3501
  1.2820  1.5518  0.3522  0.3526
  1.4462  1.7556  0.3561  0.3566
  1.6108  1.0077  0.3581  0.3585
  1.7780  0.3611  0.3616  0.3621
  1.9447  0.3622  0.3628  0.3634
acc
  1.0000  1.0000  1.0000  1.0000
  1.0000  1.0000  1.0000  1.0000
  1.0000  1.0000  1.0000  1.0000
  1.0000  1.0000  1.0000  0.4531
  1.0000  1.0000  0.7778  0.0000
  1.0000  1.0000  0.0000  0.0000
  1.0000  1.0000  0.0000  0.0000
  1.0000  0.4062  0.0000  0.0000
  1.0000  0.0000  0.0000  0.0000
  1.0000  0.0000  0.0000  0.0000
